0.015625
0.031250
0.015625
0.031250
0.062500
0.031250
0.015625
0.031250
0.015625
0.031250
0.062500
0.031250
0.062500
0.125000
0.062500
0.031250
0.062500
0.031250
0.015625
0.031250
0.015625
0.031250
0.062500
0.031250
0.015625
0.031250
0.015625
0.015625
0.031250
0.015625
0.031250
0.062500
0.031250
0.015625
0.031250
0.015625
0.031250
0.062500
0.031250
0.062500
0.125000
0.062500
0.031250
0.062500
0.031250
0.015625
0.031250
0.015625
0.031250
0.062500
0.031250
0.015625
0.031250
0.015625
0.015625
0.031250
0.015625
0.031250
0.062500
0.031250
0.015625
0.031250
0.015625
0.031250
0.062500
0.031250
0.062500
0.125000
0.062500
0.031250
0.062500
0.031250
0.015625
0.031250
0.015625
0.031250
0.062500
0.031250
0.015625
0.031250
0.015625
